0 25 2061 139 75 102 27 106 192 151 185 79 36 227 38 197 80 298 220 117 180 172 287 69 61 10 58 203 156 150 171 108 57 210 298 184 12 25 41 255 175 225 33 262 204 123 158 283 120 129 151 299 1
1 25 1830 190 119 113 251 229 16 106 78 186 265 147 262 69 210 38 110 164 264 86 249 225 289 71 135 24 242 263 174 292 263 115 163 76 65 91 143 222 168 80 186 53 226 200 174 136 237 283 51 201 120
2 25 1626 299 177 109 121 11 132 62 274 57 54 288 172 216 115 6 257 210 225 88 147 29 14 46 254 201 35 236 3 287 108 2 163 268 174 174 151 199 207 41 186 130 256 53 170 13 61 79 289 149 277
3 25 1974 69 162 23 23 114 109 10 116 147 117 169 9 84 43 234 234 30 132 193 70 70 74 77 122 243 141 182 73 129 82 50 249 295 124 271 108 232 281 276 78 149 196 138 285 290 72 218 19 255 162
4 25 1933 140 24 236 216 197 230 56 131 3 236 212 104 185 259 227 155 66 210 187 93 39 36 41 176 72 30 299 289 101 254 203 240 29 190 208 278 119 263 160 173 251 123 276 135 81 202 199 163 280 43
5 25 1923 201 67 83 129 138 113 127 126 265 132 80 204 213 269 111 242 88 126 101 12 76 223 288 262 56 241 54 254 104 33 296 56 99 131 184 236 243 63 114 207 246 193 162 158 214 25 53 202 251 64
6 25 1566 29 174 51 290 281 44 43 234 199 128 6 226 111 190 214 105 4 27 63 249 271 277 159 184 1 9 236 202 260 52 230 185 102 271 165 197 65 150 95 192 130 153 118 293 42 83 97 97 161 212
7 25 2042 97 131 188 7 67 240 16 54 141 27 105 122 211 259 92 127 207 156 276 2 100 157 154 269 149 247 51 298 95 211 261 191 93 148 250 211 87 265 265 279 291 121 253 79 243 79 286 150 106 39
8 25 1904 249 262 244 269 163 242 19 160 88 281 120 30 126 19 279 36 157 243 52 135 285 173 286 237 3 228 67 40 129 172 130 130 134 125 98 48 118 169 207 205 201 78 235 26 148 265 62 4 208 165
9 25 1855 190 244 89 175 233 92 154 299 183 34 223 13 163 56 189 13 103 7 181 61 263 81 197 159 162 220 92 121 136 33 116 225 207 48 68 112 99 250 145 21 14 8 128 203 20 282 261 252 94 223
10 25 1961 84 283 172 242 123 85 161 266 257 49 298 72 273 256 40 67 270 289 211 290 55 270 169 9 41 150 269 292 243 243 76 277 114 17 99 198 230 64 206 278 113 278 2 68 149 41 186 170 81 96
11 25 1916 211 135 118 79 195 158 228 163 202 222 106 29 198 271 45 48 221 26 163 126 55 27 155 56 94 3 148 279 224 229 126 134 115 295 212 10 153 191 112 81 134 61 52 230 160 272 256 74 149 62
12 25 1690 100 4 118 193 58 265 223 282 245 101 115 60 95 79 121 299 21 44 104 133 125 289 228 219 157 199 226 230 99 287 30 102 156 274 160 173 249 193 117 49 7 228 195 137 246 158 144 101 42 20
13 25 2375 90 38 247 60 194 197 285 124 295 23 205 97 179 230 8 103 178 200 219 278 258 199 225 95 298 170 252 141 270 45 212 59 82 158 170 276 54 154 151 101 229 107 197 159 36 256 261 266 155 179
14 25 1905 295 112 129 219 258 127 88 261 19 58 5 231 168 87 140 38 114 246 243 264 46 171 122 294 81 157 249 41 174 103 272 169 266 100 87 224 226 227 236 297 36 241 227 203 27 66 292 140 11 235
15 25 1755 155 108 157 276 101 238 184 49 30 58 203 1 278 221 153 116 196 130 42 131 126 129 71 104 84 149 170 75 288 232 61 194 40 270 169 140 259 105 241 288 214 195 41 191 115 193 58 62 74 152
16 25 2043 193 200 280 263 3 63 164 224 190 151 208 250 97 247 271 265 138 229 121 130 269 34 25 9 224 191 253 34 26 185 145 277 159 280 279 22 255 168 225 162 117 21 160 88 37 50 68 210 179 36
17 25 1842 243 255 44 219 146 48 252 150 74 136 46 50 299 256 81 277 30 36 196 254 249 13 26 109 152 114 210 271 23 88 7 18 95 102 236 292 150 187 141 275 238 24 72 193 157 101 222 244 296 227
18 25 2343 192 60 4 52 263 118 261 286 101 292 195 145 196 186 294 134 78 20 207 15 44 31 252 131 129 195 178 107 86 290 111 190 280 150 289 223 250 32 184 196 177 79 133 222 265 210 242 171 276 37
19 25 1618 201 183 288 83 63 182 13 221 19 2 31 208 57 10 58 46 285 59 77 168 7 253 298 139 227 262 101 168 133 76 256 33 10 243 168 124 176 180 45 194 181 75 102 237 137 211 34 121 269 111
20 25 1709 40 27 115 37 218 93 299 18 260 183 145 215 267 155 209 134 30 84 13 74 278 245 201 131 182 89 41 267 261 61 129 300 88 296 5 88 86 74 100 20 66 287 124 275 120 206 110 133 31 87
21 25 1897 77 231 217 10 71 9 277 83 70 157 82 209 152 170 265 240 7 38 91 79 156 65 131 182 184 88 292 68 118 130 197 101 99 258 171 107 286 254 228 143 87 136 294 8 100 285 67 189 75 145
22 25 2072 196 283 209 78 164 144 165 155 264 282 285 160 134 83 169 5 241 155 10 169 297 148 4 42 208 156 27 274 96 153 170 291 187 130 120 51 273 36 205 288 18 241 199 151 75 68 207 16 222 268
23 25 1730 184 270 168 239 11 75 146 89 48 242 294 269 284 180 98 104 230 122 139 187 110 208 179 8 111 254 127 69 269 48 89 204 69 256 194 80 30 40 220 129 33 213 97 16 93 246 171 74 67 62
24 25 1736 12 176 269 191 236 131 196 62 252 216 162 40 119 230 47 12 9 76 103 281 256 135 193 104 151 37 49 21 163 115 82 174 43 103 116 278 285 11 39 236 226 200 27 44 130 73 108 190 200 210
25 25 1970 170 155 45 115 10 247 203 110 19 65 277 153 291 19 255 106 48 291 117 86 279 94 38 5 190 219 78 297 160 277 258 82 184 2 248 193 300 150 55 19 215 31 171 257 49 177 62 96 219 230
26 25 2276 233 197 24 22 202 213 240 279 261 152 255 218 190 272 180 83 271 29 137 41 295 219 211 251 267 139 65 114 58 294 98 254 69 120 155 281 59 185 293 210 192 211 194 81 234 73 215 256 154 51
27 25 2026 297 148 269 259 151 287 98 215 152 207 260 250 160 29 69 67 9 179 3 54 141 194 264 86 275 249 159 189 204 64 292 200 263 12 113 51 8 79 202 266 39 203 177 67 23 243 127 254 298 180
28 25 2122 94 191 195 179 217 143 89 158 47 152 201 298 115 264 208 279 14 215 58 268 232 96 222 109 214 245 103 40 198 100 220 43 291 114 221 259 257 62 116 55 265 16 52 79 280 260 110 45 226 167
29 25 2003 64 158 14 286 266 227 230 68 179 168 237 221 210 51 193 168 59 254 36 113 271 103 164 49 134 175 101 76 294 258 141 279 275 119 260 42 85 190 261 73 110 222 175 55 90 233 60 177 97 30
30 25 2022 279 261 131 113 187 40 43 287 168 36 296 8 15 22 127 26 116 263 216 76 35 77 298 210 139 194 191 15 291 272 293 3 102 157 189 142 199 228 9 235 223 68 1 245 194 78 60 156 243 70
31 25 1943 236 204 252 74 97 194 140 87 166 185 89 267 41 278 160 240 205 220 226 179 288 226 175 181 3 286 48 225 83 169 286 172 234 82 66 125 221 231 9 9 249 50 38 109 294 28 266 173 15 243
32 25 1891 99 248 297 85 88 96 9 170 264 220 155 136 205 288 201 30 208 183 38 269 131 139 6 291 179 300 71 144 224 137 138 22 84 135 158 223 230 218 92 246 298 81 42 38 33 123 267 161 265 149
33 25 1788 299 23 140 178 22 210 73 297 98 211 70 182 97 228 156 26 197 248 271 34 297 103 128 86 187 250 83 153 162 99 2 213 121 193 142 194 154 266 190 251 176 260 184 24 239 40 50 135 39 72
34 25 1536 221 87 227 100 173 113 101 255 18 15 53 71 226 263 68 119 116 33 9 66 261 20 2 284 10 41 85 144 131 209 217 187 215 89 51 68 95 68 82 200 190 8 125 152 127 243 267 211 3 85
35 25 1675 223 74 86 259 83 178 95 279 8 55 146 224 241 113 65 292 180 211 111 13 110 1 20 286 204 198 281 223 160 283 7 83 109 144 93 243 73 187 273 80 242 119 55 182 231 119 225 162 30 88
36 25 1902 174 191 140 193 177 95 142 157 17 1 191 75 135 51 270 227 294 42 114 266 121 107 84 228 40 66 98 17 227 179 156 100 70 47 44 246 141 185 154 158 238 44 284 124 95 254 103 140 295 268
37 25 1660 105 168 74 241 95 113 6 192 181 285 71 36 84 192 82 128 189 223 64 42 132 53 137 167 177 231 120 279 122 115 246 227 34 71 219 128 183 276 116 260 193 151 96 84 285 223 272 259 38 13
38 25 2224 90 91 150 256 19 132 128 49 254 294 294 232 27 64 202 206 298 177 276 165 189 169 16 284 4 300 258 276 295 40 99 137 241 106 155 125 285 203 130 278 248 61 63 14 209 113 242 237 277 130
39 25 1744 157 44 113 160 43 122 187 52 117 279 202 253 219 60 160 95 44 62 224 74 62 36 77 124 49 38 236 291 26 213 172 182 8 37 93 51 158 32 154 274 10 108 279 280 138 75 262 251 298 35
40 25 2060 12 34 164 136 134 253 123 124 278 87 296 211 95 32 3 197 241 34 102 215 43 209 245 75 127 82 149 141 84 198 227 96 231 142 283 117 94 157 240 71 244 287 281 90 70 36 286 11 69 87
41 25 1871 277 164 48 273 290 174 54 138 66 189 87 293 284 70 134 18 186 280 175 177 102 170 164 135 259 285 170 244 47 290 82 75 205 129 194 55 152 83 120 41 112 76 291 298 146 176 20 52 78 189
42 25 2083 267 212 147 4 133 142 50 123 223 177 79 52 273 106 75 107 225 167 28 89 294 18 138 139 193 166 158 297 243 98 15 207 244 18 39 85 120 213 8 296 292 111 270 16 216 96 174 192 262 202
43 25 1882 32 256 219 169 94 164 34 4 212 29 101 226 287 45 296 77 181 115 290 240 162 33 50 131 100 17 227 273 261 240 174 292 195 145 161 41 60 246 44 23 26 144 12 240 295 89 121 161 130 112
44 25 1889 22 214 214 205 13 230 183 285 190 122 211 182 69 107 94 109 218 91 152 240 117 47 239 128 287 286 268 159 146 149 220 62 235 124 74 217 58 111 106 179 73 39 247 179 184 107 148 27 10 87
45 25 1881 143 57 77 22 95 62 42 5 260 190 26 179 252 13 54 77 229 163 187 86 41 11 177 40 189 112 146 88 138 156 226 280 264 3 58 116 114 127 284 139 57 287 151 110 64 131 272 2 217 65
46 25 1381 13 93 156 253 204 1 41 94 208 266 73 223 20 178 32 188 24 145 14 60 36 71 46 238 232 161 69 256 163 285 175 129 127 84 227 219 177 187 185 2 109 204 231 141 91 255 37 157 72 227
47 25 1911 111 10 158 272 130 113 186 166 132 60 294 58 238 129 37 157 6 223 41 59 83 296 289 275 139 243 12 295 8 135 221 171 196 130 142 25 243 27 190 126 138 235 236 75 64 272 283 121 246 23
48 25 1504 179 28 71 167 55 261 162 66 255 169 252 227 91 148 108 232 172 50 10 114 176 199 48 163 26 111 134 8 231 79 31 161 158 153 28 212 113 241 29 119 161 33 97 252 180 204 235 103 6 245
49 25 2041 216 233 195 16 95 220 178 228 228 161 58 258 21 215 162 100 179 274 40 259 144 201 291 240 152 170 86 25 200 82 240 132 277 7 226 196 185 205 175 45 262 132 65 229 45 165 107 70 256 65
