0 25 1755 218 109 277 287 279 296 10 230 93 243 165 124 101 203 263 180 136 253 48 134 250 225 283 58 6 272 27 108 16 26 110 292 64 140 39 125 69 131 120 286 255 220 188 269 151 23 273 160 70 106
1 25 2178 162 46 141 271 51 112 298 159 113 65 236 223 56 51 114 146 175 183 277 294 168 283 265 55 251 116 77 223 27 198 80 240 244 220 211 294 83 208 204 196 272 139 170 79 241 35 224 168 217 252
2 25 2288 213 136 234 178 190 184 45 18 158 71 216 238 63 159 209 273 204 292 232 108 239 255 298 160 33 239 194 8 163 12 70 298 245 247 188 181 291 257 38 114 172 27 176 82 288 200 286 279 131 145
3 25 1998 269 85 194 180 169 184 73 228 41 287 239 111 285 236 57 224 116 100 180 205 265 104 284 192 237 271 91 222 1 273 118 21 109 12 200 29 195 24 256 236 11 247 98 295 234 154 270 101 5 149
4 25 1323 5 21 4 288 212 241 10 54 214 10 78 32 30 186 95 281 41 5 222 28 67 220 125 113 153 31 82 253 35 282 9 56 286 49 19 278 58 73 191 120 202 274 149 88 120 182 53 161 186 274
5 25 1982 188 252 245 13 116 149 43 197 101 129 178 162 236 215 210 7 192 267 131 135 86 32 108 287 119 228 220 172 140 105 197 27 194 91 223 42 185 171 143 14 48 4 1 15 265 7 258 231 137 92
6 25 1872 69 169 252 107 39 231 26 262 70 182 159 148 41 52 239 263 93 175 133 287 240 232 42 241 298 6 299 256 289 188 99 109 56 50 267 146 32 44 108 153 225 266 1 265 291 279 213 165 163 252
7 25 2106 105 146 293 97 144 51 95 99 91 282 197 199 89 299 217 235 30 260 42 235 236 59 235 200 179 277 230 91 193 92 297 237 87 145 80 137 292 230 279 273 229 114 177 145 100 258 104 141 192 39
8 25 2167 251 178 290 129 206 219 219 99 62 13 95 50 151 292 182 39 283 111 17 7 289 245 120 217 89 219 175 244 111 118 282 113 48 23 241 253 293 212 51 54 276 198 103 126 189 284 164 171 147 180
9 25 2027 229 187 176 49 104 264 19 30 207 182 199 240 294 246 14 287 251 6 250 1 111 225 213 102 190 249 265 112 147 196 41 33 71 141 136 34 159 217 292 92 116 283 138 113 296 124 63 53 73 116
10 25 2018 163 49 65 127 150 7 127 114 118 273 61 158 58 131 298 245 216 209 162 259 300 277 241 137 141 288 12 204 92 136 71 254 184 135 80 85 193 259 250 11 231 10 220 40 140 270 285 55 178 146
11 25 1761 13 229 174 5 118 14 44 181 217 135 17 287 88 252 220 37 230 38 128 160 48 100 200 239 69 236 46 246 81 110 226 254 115 43 267 210 224 236 45 292 274 184 243 199 155 31 84 69 196 296
12 25 2002 168 295 247 106 115 182 151 112 262 261 38 267 127 132 233 36 107 220 80 98 246 264 93 196 170 175 212 254 243 160 249 110 154 195 268 21 76 118 132 37 78 169 3 256 1 287 292 159 259 123
13 25 1983 9 256 138 101 151 8 275 63 261 270 274 209 131 179 103 98 199 230 216 31 266 45 20 1 251 58 44 162 16 166 170 23 4 270 174 11 296 288 271 265 231 96 139 85 245 38 14 212 68 31
14 25 1700 257 18 50 9 21 159 52 182 227 269 51 249 272 72 122 34 67 109 56 84 69 286 179 260 175 297 135 87 116 165 95 185 266 103 205 177 206 86 103 226 188 51 198 259 225 283 26 85 39 109
15 25 1706 154 76 39 165 198 213 161 84 51 28 249 145 212 266 299 169 194 204 6 296 130 194 99 79 152 75 61 229 159 151 89 12 227 179 228 124 92 88 207 194 167 207 79 225 37 299 118 293 4 166
16 25 1797 174 197 264 4 101 90 116 81 248 267 170 12 245 48 239 120 191 27 78 85 37 175 75 261 263 73 130 7 77 47 180 25 10 235 177 99 51 258 99 69 179 110 13 226 48 184 169 126 261 5
17 25 1873 71 297 179 145 9 193 218 139 200 46 185 131 70 247 66 247 97 168 204 247 288 82 56 300 59 104 183 279 229 195 283 299 192 213 196 200 106 113 90 5 158 27 187 279 25 252 225 173 171 180
18 25 1640 120 158 13 175 209 124 30 143 102 11 38 85 61 281 49 256 232 154 74 210 29 100 149 8 176 152 284 100 23 216 271 232 228 198 141 103 227 35 205 237 72 41 298 104 89 5 36 295 125 109
19 25 2167 256 205 260 104 212 187 248 286 30 163 9 261 142 206 101 245 184 188 201 121 259 241 170 115 81 226 150 127 102 10 83 7 21 238 270 207 193 217 244 274 131 4 235 273 209 87 269 93 274 221
20 25 1921 265 285 213 186 99 293 111 300 172 213 9 254 271 81 243 240 39 136 209 34 109 39 38 95 63 298 182 83 90 155 3 106 139 215 291 289 260 154 288 131 118 48 84 88 180 26 79 218 287 252
21 25 1843 74 78 41 220 140 38 101 223 180 8 277 285 198 192 28 187 151 181 226 281 298 26 116 137 205 193 215 123 158 254 126 283 31 166 202 170 255 3 144 134 62 121 119 259 64 146 197 214 78 123
22 25 2256 246 127 148 61 263 104 5 229 226 162 182 103 144 264 268 46 186 223 100 29 108 161 201 226 119 264 123 68 229 200 190 174 26 89 286 40 192 291 269 170 152 202 272 48 218 292 145 103 214 244
23 25 2207 183 73 156 84 299 26 99 121 93 80 73 34 253 98 122 239 190 66 281 210 235 184 163 206 231 80 197 75 182 162 70 65 225 200 285 251 50 157 95 129 229 129 82 79 250 72 268 67 104 177
24 25 1752 1 287 39 259 218 119 207 44 52 121 114 168 107 90 67 91 92 117 299 187 245 228 15 78 58 16 201 25 83 4 253 135 291 43 145 260 213 52 3 265 172 168 132 30 258 251 120 49 119 118
25 25 1932 235 63 97 1 193 154 17 93 230 151 182 285 139 277 98 189 233 100 205 156 268 37 185 277 39 56 25 157 225 12 271 74 12 163 279 28 8 209 156 142 267 294 118 148 91 7 80 242 211 287
26 25 2192 209 299 223 185 89 30 262 245 254 273 268 79 36 182 58 116 189 266 45 44 107 11 277 158 179 283 289 121 245 27 81 296 249 18 84 278 279 81 284 3 48 114 38 229 171 153 170 188 250 265
27 25 2132 47 12 54 23 170 284 57 210 104 1 289 185 296 237 254 80 267 284 160 2 286 259 167 75 239 38 280 108 277 229 73 23 240 178 45 161 161 153 123 17 154 111 201 201 99 206 32 117 189 243
28 25 1769 170 226 253 37 192 126 31 299 102 11 123 177 3 52 273 215 213 126 89 229 199 181 283 50 86 67 218 26 9 140 251 262 228 250 153 105 33 203 258 43 26 134 45 129 159 12 41 36 100 21
29 25 1715 66 51 201 100 100 38 166 69 63 175 260 13 188 239 15 92 43 99 294 1 141 71 186 238 200 96 249 292 131 48 13 196 98 265 296 249 3 161 70 117 87 29 182 274 268 248 65 62 46 111
30 25 1879 114 238 181 300 175 132 147 175 124 278 223 188 173 72 152 220 21 206 133 142 75 271 222 256 297 241 203 113 3 300 116 237 156 167 112 287 14 286 162 43 260 49 267 32 253 187 104 210 71 297
31 25 1907 284 41 218 239 37 159 193 150 213 192 124 80 129 279 299 292 18 64 277 231 106 289 32 72 20 284 10 175 245 80 171 229 173 88 167 261 298 112 162 262 3 286 42 183 264 40 174 33 155 151
32 25 2033 16 260 139 47 83 210 82 93 84 26 224 6 254 148 145 173 109 143 284 270 104 38 255 197 221 271 288 94 55 142 296 70 101 186 116 184 95 249 28 230 275 3 235 280 151 80 152 11 274 135
33 25 1784 280 129 225 287 26 145 9 13 238 63 207 234 185 7 171 52 242 266 1 21 247 27 24 182 6 226 13 158 236 38 44 215 166 268 253 243 164 13 8 102 128 214 87 12 272 257 63 214 274 115
34 25 2098 286 221 141 9 154 147 234 218 4 169 255 99 136 172 119 140 115 282 153 122 135 280 35 221 291 6 230 105 271 255 220 257 227 60 17 80 258 251 49 261 171 3 112 58 175 230 198 41 211 102
35 25 1562 162 46 81 248 18 123 5 299 279 276 6 250 284 232 10 300 64 267 2 112 280 225 167 143 282 41 72 231 34 32 294 131 164 241 201 38 297 251 17 24 256 18 7 240 27 59 3 46 112 166
36 25 1596 77 36 32 219 18 72 42 300 204 75 249 206 247 189 158 285 238 108 53 261 64 70 20 3 149 78 57 246 189 222 74 277 254 292 46 77 33 45 159 128 281 116 75 222 273 111 81 163 119 144
37 25 2057 284 190 198 184 267 254 129 208 175 202 236 180 245 281 257 29 25 289 188 153 269 55 279 242 28 89 100 108 3 271 286 160 200 170 179 205 50 138 79 4 73 259 248 53 29 129 255 216 33 275
38 25 2092 270 11 217 49 99 68 208 101 38 210 139 198 161 60 128 117 265 248 164 37 258 164 89 224 192 269 230 107 2 256 12 224 229 163 292 136 15 81 98 153 278 10 264 105 127 125 121 74 288 157
39 25 1967 31 151 297 254 42 266 235 200 267 190 80 278 114 60 192 157 195 207 237 292 59 267 2 75 123 180 199 244 253 238 100 283 141 97 288 182 274 134 215 265 109 80 24 1 236 270 207 173 14 17
40 25 2191 191 67 91 13 246 289 256 198 227 108 232 67 271 300 69 296 185 148 210 201 8 290 276 8 225 298 266 149 11 35 77 125 104 74 166 111 144 218 254 262 13 293 250 192 180 150 252 221 178 11
41 25 1911 198 175 277 98 237 11 189 65 187 292 138 52 154 160 195 124 113 156 48 140 221 93 110 170 36 41 71 287 14 248 298 211 174 26 8 110 248 174 274 291 63 26 145 222 272 268 86 180 67 225
42 25 1775 100 159 86 269 195 179 91 233 192 39 230 154 212 255 213 74 42 161 299 16 151 62 93 295 283 116 14 69 295 133 45 146 43 131 166 289 9 257 222 252 47 151 105 10 158 17 83 251 177 82
43 25 1871 18 80 195 162 126 177 278 192 297 24 24 42 222 66 224 139 107 284 95 28 235 193 230 39 203 139 285 90 36 118 159 115 12 21 240 241 50 183 289 73 206 30 46 24 5 185 130 288 31 209
44 25 1998 222 224 190 12 126 29 171 162 170 206 280 80 72 43 100 63 35 149 246 24 274 151 105 71 226 162 255 107 149 286 67 123 209 257 134 86 37 56 247 258 261 278 84 73 137 147 107 37 92 182
45 25 1961 62 294 39 133 220 200 139 78 100 176 145 222 84 101 56 221 189 163 168 146 124 145 182 259 217 70 105 76 159 196 9 220 242 47 104 213 298 295 290 98 170 134 19 6 286 126 226 174 289 93
46 25 1633 19 164 290 253 122 258 22 227 33 180 174 42 152 115 140 7 27 138 1 69 235 223 202 253 228 240 131 153 113 119 298 184 34 287 136 155 244 209 133 29 141 59 70 292 225 209 50 252 46 103
47 25 1882 20 32 25 273 37 252 212 167 156 77 153 260 70 191 147 276 187 55 161 215 195 219 284 238 143 244 288 146 42 142 217 73 218 190 169 153 27 76 229 115 281 240 236 171 86 264 57 193 124 271
48 25 1930 87 42 6 77 236 250 116 82 291 257 298 115 174 239 276 94 144 54 221 124 169 201 64 156 124 201 119 232 93 242 255 232 283 260 8 271 261 175 52 251 131 101 118 56 40 93 149 235 146 69
49 25 1867 58 66 22 121 222 145 74 40 76 218 282 30 149 16 42 208 286 2 82 89 5 264 190 122 19 281 214 219 215 111 40 272 177 61 145 98 257 218 137 32 187 170 114 88 238 207 295 223 208 129
