0 25 1446 298 15 133 277 32 146 25 211 118 88 10 172 152 264 26 29 67 249 132 280 9 66 292 114 39 104 226 69 72 103 101 121 117 234 149 200 79 225 110 248 13 171 119 216 186 196 244 252 144 128
1 25 2079 232 205 193 275 70 283 79 47 103 202 149 204 74 17 137 223 216 267 147 77 214 211 299 84 127 185 279 122 188 175 249 119 94 148 176 224 195 30 177 95 233 250 112 121 172 27 87 19 156 52
2 25 1539 281 154 135 107 90 166 229 278 40 229 148 118 122 293 17 49 216 263 78 144 58 11 94 169 131 265 247 270 35 154 21 16 60 208 174 201 73 102 178 112 31 78 204 70 297 252 38 12 81 181
3 25 2065 121 143 274 41 26 291 287 295 77 193 67 144 252 274 18 152 46 171 82 157 253 159 137 156 280 186 159 17 249 292 198 69 134 223 109 211 265 147 205 42 39 24 185 42 297 254 246 95 125 79
4 25 1856 251 129 289 140 37 268 77 247 285 25 238 234 145 124 208 5 34 173 151 291 214 242 14 150 35 62 156 280 32 110 107 160 98 298 196 66 126 143 102 150 80 87 46 255 294 50 218 200 279 183
5 25 1831 193 44 85 228 105 240 259 261 271 121 119 130 218 168 26 35 293 220 136 194 51 274 239 6 20 288 46 237 24 120 184 119 204 163 223 143 121 235 165 241 53 294 211 220 71 245 212 290 133 105
6 25 2093 93 106 95 98 177 82 195 114 73 218 285 256 88 188 170 10 82 290 245 246 283 49 291 245 269 62 189 232 103 73 89 247 231 183 44 107 17 238 272 89 207 256 96 46 265 108 276 6 52 273
7 25 1874 40 152 264 36 172 77 277 104 179 49 244 126 31 126 221 138 194 211 109 34 169 117 181 267 11 145 74 39 203 177 294 28 26 30 200 102 6 55 33 106 298 210 137 175 182 274 69 144 134 154
8 25 2021 13 2 35 279 231 52 51 133 228 113 179 7 139 208 258 240 265 12 272 70 61 233 206 288 115 231 108 258 117 261 270 118 295 300 182 226 103 232 110 82 45 288 141 235 247 98 174 263 198 33
9 25 1825 222 130 290 209 244 273 68 202 89 29 223 258 75 275 140 300 129 123 162 263 219 201 103 153 148 200 79 162 61 28 194 283 157 236 243 153 208 11 106 48 91 80 57 165 54 196 217 235 71 78
10 25 1639 197 289 30 51 194 229 250 24 91 63 51 284 45 207 271 39 111 178 101 216 277 191 296 34 108 101 229 24 35 51 153 283 92 182 33 285 8 201 97 58 236 193 16 207 231 127 84 32 42 113
11 25 1937 274 89 146 81 190 126 104 224 177 256 259 268 291 4 300 25 11 200 173 120 187 65 93 296 13 229 79 107 41 52 195 186 185 84 63 288 60 239 296 18 258 237 261 236 137 23 9 194 73 74
12 25 1997 81 166 121 93 146 199 199 186 2 94 123 186 229 185 226 288 176 273 57 133 209 117 196 253 168 82 13 62 206 86 194 123 286 268 156 237 205 158 82 27 43 10 264 20 298 139 292 54 23 252
13 25 1851 222 168 147 174 36 280 239 149 238 24 94 60 282 79 80 137 67 284 294 148 63 89 210 26 108 207 216 152 12 238 103 234 106 2 159 193 281 97 93 218 173 186 30 154 16 109 290 83 144 36
14 25 2197 282 206 176 191 283 283 97 198 186 161 136 289 146 241 42 4 133 22 153 225 292 25 162 21 230 177 181 271 259 24 6 241 131 264 216 280 140 297 141 285 289 182 40 173 256 244 149 299 268 10
15 25 1970 19 249 186 251 220 197 26 277 137 7 210 19 23 125 50 184 277 241 232 170 272 103 17 144 110 260 292 108 280 53 178 228 238 128 199 134 154 176 22 212 85 93 234 261 142 169 237 83 100 158
16 25 1625 59 71 13 127 266 122 139 9 282 118 61 159 97 51 39 296 184 244 223 258 155 7 102 89 267 243 9 255 77 109 165 136 231 177 14 249 50 152 257 31 21 18 242 170 68 280 217 3 12 77
17 25 1748 197 113 217 215 108 226 221 184 86 85 71 68 13 137 16 115 288 25 61 94 138 230 161 117 146 215 39 36 279 168 232 91 136 198 250 61 118 134 198 255 256 18 19 92 85 133 132 109 30 192
18 25 1984 202 167 173 114 36 18 29 126 105 59 293 36 149 181 233 99 102 284 191 56 291 208 75 135 292 259 266 153 288 157 54 207 81 220 242 98 119 202 58 164 289 206 44 273 56 36 74 91 226 182
19 25 1837 134 185 256 268 229 214 233 81 254 141 186 212 221 105 205 70 104 23 23 161 63 119 35 226 265 160 69 242 93 202 179 100 169 159 66 153 239 19 45 176 230 265 33 186 86 136 208 108 49 146
20 25 2254 222 219 74 256 196 90 167 264 84 12 217 262 111 85 120 176 289 110 246 33 285 227 49 69 112 134 205 20 293 5 165 214 275 290 221 170 132 140 134 215 151 50 228 261 187 47 137 175 208 134
21 25 1806 260 244 61 8 13 172 142 269 243 186 273 159 100 247 201 20 116 32 159 1 246 61 103 173 22 289 271 210 215 178 43 174 121 103 182 133 27 75 153 269 12 177 180 111 175 80 183 43 111 93
22 25 1798 43 108 154 145 32 227 185 2 136 100 179 230 273 51 33 206 236 111 88 131 44 265 10 206 191 141 233 251 276 110 86 172 141 64 57 142 199 208 72 128 180 175 212 138 110 74 221 249 205 264
23 25 1863 265 266 170 156 107 9 88 109 241 115 219 78 287 111 141 95 5 91 2 76 271 233 250 234 122 111 8 43 60 264 6 24 229 227 179 87 236 267 196 176 81 166 119 276 146 213 32 289 266 108
24 25 1765 259 199 109 244 20 220 251 62 279 214 120 2 195 46 233 281 281 251 228 209 83 145 214 202 173 111 166 204 99 132 11 109 82 120 53 101 39 55 163 69 21 34 122 267 79 54 247 60 4 227
25 25 1863 20 87 71 233 40 243 95 205 147 246 88 209 106 169 80 210 270 118 265 184 238 37 217 60 3 47 113 1 169 227 177 255 298 161 46 292 256 2 138 253 90 99 58 10 178 20 279 296 284 214
26 25 1485 285 72 182 44 74 229 157 126 86 25 53 15 31 102 175 76 93 182 77 283 134 218 81 244 228 258 263 258 5 298 224 290 69 157 33 194 137 241 19 275 17 123 289 99 163 174 45 3 51 230
27 25 2020 272 131 225 199 140 187 209 145 236 132 186 56 40 270 249 177 263 20 151 279 142 139 130 118 53 3 149 57 288 79 81 170 3 31 9 242 239 205 177 122 90 285 162 112 233 38 74 4 240 104
28 25 1776 198 130 233 67 182 288 252 31 96 239 161 176 108 215 207 168 156 197 73 85 19 214 69 232 77 53 269 150 109 260 6 6 89 238 124 270 277 75 52 73 65 212 224 127 206 143 34 155 267 170
29 25 1974 173 181 290 104 257 43 124 159 203 83 164 260 223 153 83 192 130 209 296 254 273 207 253 248 85 211 90 171 65 57 40 237 289 30 92 297 267 155 26 101 70 285 23 223 67 266 104 27 261 57
30 25 1805 299 220 9 298 56 219 139 226 35 247 18 23 287 99 114 284 274 132 190 299 232 260 254 234 153 220 37 179 93 229 151 153 278 207 124 116 184 158 115 253 181 101 51 46 84 24 178 274 74 109
31 25 1442 285 160 115 218 12 86 6 242 17 98 222 220 2 199 178 177 67 61 87 181 14 19 281 64 64 117 140 293 90 213 154 126 125 20 43 136 105 48 130 173 197 51 92 250 250 269 127 68 82 213
32 25 1640 248 95 231 228 210 46 96 101 91 237 66 244 62 190 15 156 77 119 255 206 291 151 257 135 153 258 155 31 25 236 243 24 82 225 3 44 22 99 144 112 35 209 107 97 150 121 4 227 259 132
33 25 1546 34 161 140 220 13 149 74 43 225 62 37 248 143 13 251 186 35 101 82 198 135 290 57 283 229 287 118 220 245 249 5 105 141 224 170 41 49 212 18 110 1 265 253 13 267 190 99 67 271 49
34 25 1865 254 13 157 236 204 85 274 21 56 218 21 112 75 213 35 244 6 84 207 23 245 207 287 249 272 6 139 70 124 161 170 77 225 26 65 128 163 38 200 218 8 273 30 82 185 116 77 190 251 35
35 25 1798 264 196 242 251 144 265 8 34 86 131 247 256 208 171 33 24 51 195 61 2 165 68 274 246 201 211 29 152 64 64 116 11 57 118 154 21 125 240 158 7 238 113 214 108 198 289 210 92 50 212
36 25 1685 8 169 237 253 122 199 66 202 51 129 265 218 139 21 87 44 93 211 35 251 217 272 115 183 132 64 171 41 156 272 4 215 193 293 168 66 191 233 267 293 113 232 262 3 48 46 149 10 81 151
37 25 1945 227 104 17 161 235 81 83 28 288 107 31 202 51 23 121 116 266 53 134 10 217 117 272 219 173 19 265 21 29 97 223 7 200 239 219 187 71 53 214 110 159 244 12 261 19 132 128 36 237 262
38 25 1969 45 205 78 16 124 250 87 140 270 167 236 244 173 187 183 143 73 5 195 38 115 106 34 178 66 104 61 194 139 297 155 183 254 284 251 77 234 37 216 255 203 151 199 127 89 133 269 214 189 215
39 25 2149 251 3 20 36 180 138 139 241 31 277 289 237 212 242 272 162 70 205 198 285 152 187 110 278 28 294 298 241 182 212 243 237 284 279 168 121 117 160 203 146 201 191 57 194 162 218 264 119 167 248
40 25 2069 30 70 187 191 99 214 236 96 206 117 59 148 105 42 178 273 162 47 184 116 192 84 6 248 278 220 217 293 38 135 292 67 204 178 257 2 143 192 149 48 60 207 196 217 249 125 241 162 171 124
41 25 1557 30 62 208 35 61 237 254 277 229 43 111 220 109 66 150 117 67 292 60 215 40 120 122 287 88 122 28 35 34 151 64 95 58 151 46 104 236 274 199 99 246 7 164 95 176 283 86 235 249 125
42 25 1540 106 122 163 193 243 274 220 30 59 71 93 205 180 243 112 278 99 48 251 297 198 248 55 61 42 230 95 180 165 44 56 270 219 163 160 244 134 189 2 256 33 206 136 276 70 113 74 117 115 122
43 25 1945 66 63 176 178 156 106 273 35 270 68 91 291 232 61 205 143 4 39 83 57 294 116 262 181 31 45 216 199 212 89 264 274 194 181 121 166 142 233 58 133 118 89 59 173 127 193 229 173 8 242
44 25 2349 53 150 273 98 117 223 9 205 239 34 221 132 214 93 297 181 235 281 238 119 248 107 207 58 279 34 251 259 258 258 201 10 160 173 159 276 147 219 233 85 4 205 268 218 16 150 231 296 140 49
45 25 1499 244 246 8 1 277 93 3 235 50 261 135 59 172 59 270 147 206 188 131 42 192 35 10 161 32 25 14 73 149 63 16 147 122 68 123 214 71 109 263 83 73 254 2 42 152 259 282 283 1 173
46 25 1813 69 10 85 152 34 94 166 158 295 280 225 193 101 293 15 14 115 175 28 249 118 100 254 172 194 105 130 175 139 182 99 208 191 183 111 277 276 276 134 22 255 59 214 55 103 280 120 269 155 147
47 25 1818 217 24 299 170 195 192 26 77 118 217 258 216 176 201 98 286 177 125 262 62 147 216 172 112 23 26 144 142 294 298 41 262 21 91 183 268 34 261 96 151 105 66 52 5 215 37 233 39 50 47
48 25 1584 237 266 218 101 40 296 244 233 41 241 25 55 13 115 32 148 249 179 298 125 284 115 176 288 29 265 273 120 14 19 56 31 288 208 70 283 151 3 24 143 27 78 208 194 66 291 15 170 91 191
49 25 1939 153 205 119 192 234 83 216 53 148 234 160 179 222 120 256 270 54 31 165 133 72 26 278 114 118 44 283 208 187 113 52 131 98 186 46 202 86 280 113 16 253 232 15 260 254 121 291 118 5 202
