0 25 2767 74 211 97 97 155 252 91 2 106 266 211 47 34 249 60 129 150 99 149 37 13 132 257 116 142 3 202 187 29 31 76 154 241 172 2 147 175 92 200 280 110 110 79 195 111 138 23 12 288 224
1 25 3138 48 52 107 4 167 248 6 69 186 87 151 261 292 91 132 294 289 59 137 188 38 246 49 168 141 159 57 215 222 44 190 269 148 296 25 14 296 30 134 181 168 284 142 160 74 25 205 114 83 41
2 25 3454 1 173 287 50 40 179 260 149 145 182 244 35 202 91 30 226 105 77 8 290 258 227 274 151 86 99 227 42 213 10 83 265 234 121 14 25 51 26 173 195 207 169 229 108 259 11 115 139 93 105
3 25 3509 148 19 78 298 157 228 225 250 140 286 32 105 271 204 170 295 254 195 220 201 153 88 181 13 46 191 150 213 82 242 17 229 12 146 279 220 73 255 265 240 253 121 262 157 42 256 162 289 227 62
4 25 3200 141 14 243 205 112 185 54 24 266 47 92 247 111 289 225 82 113 179 3 77 170 256 249 131 164 291 138 77 279 65 139 171 130 133 76 293 69 181 16 87 228 159 33 90 147 257 171 260 187 174
5 25 3593 88 56 129 37 238 44 27 75 120 57 191 10 227 21 142 2 13 211 183 81 297 162 291 81 251 138 37 121 97 275 294 184 82 174 272 19 269 298 145 89 54 36 150 33 108 292 34 172 254 268
6 25 3238 4 2 181 295 82 131 184 170 280 144 49 215 225 275 187 295 243 236 139 83 42 226 233 74 85 224 159 9 229 127 12 230 59 58 63 190 241 232 245 272 127 45 103 19 125 97 14 60 287 96
7 25 3483 153 265 28 226 49 3 85 57 283 263 121 212 21 230 26 262 223 9 206 194 135 251 132 289 256 137 34 68 124 130 220 140 209 198 188 212 282 297 194 244 169 158 264 98 183 226 20 244 266 130
8 25 3034 133 97 119 206 105 255 239 224 130 120 195 269 29 92 209 240 73 257 185 16 125 94 32 274 257 46 272 139 11 101 24 159 271 229 15 278 219 238 107 39 128 67 276 88 58 49 44 242 116 168
9 25 3462 36 199 141 116 155 238 87 46 248 239 121 107 210 101 173 187 19 111 45 57 295 172 123 22 259 232 122 2 226 238 221 13 136 114 128 43 51 214 140 299 152 12 157 113 112 29 299 130 191 44
10 25 3422 239 237 267 113 259 226 45 80 279 270 69 252 282 257 65 109 51 167 74 190 217 277 201 73 90 64 154 88 193 96 183 131 33 150 244 43 127 40 174 157 9 243 108 42 199 224 150 249 91 275
11 25 3661 190 7 251 142 132 92 205 285 180 149 114 280 216 263 275 258 141 66 298 126 126 105 167 24 29 68 24 119 42 265 125 292 158 256 136 62 292 15 262 176 293 91 195 19 101 35 84 232 32 209
12 25 2889 109 137 75 184 217 142 259 35 235 223 211 279 80 219 114 193 262 180 154 137 59 199 228 253 28 288 1 11 19 209 119 207 36 54 123 229 12 157 164 234 120 142 65 38 255 9 51 134 214 188
13 25 3613 192 112 115 197 29 194 184 81 256 254 289 126 161 76 179 283 5 190 168 175 63 9 239 152 263 299 202 148 212 89 39 76 255 287 156 148 170 236 103 124 224 228 36 300 158 18 56 47 261 223
14 25 3514 221 23 231 159 174 245 209 76 92 173 216 182 248 171 169 103 18 38 38 173 213 13 152 300 64 10 70 119 56 30 41 29 105 23 239 30 267 148 157 110 20 73 292 19 243 160 121 12 249 210
15 25 3682 236 214 222 140 213 286 149 282 156 256 12 197 284 168 271 275 197 238 122 54 99 141 126 90 211 120 249 31 183 250 240 119 163 213 10 75 198 158 57 106 165 120 54 201 287 24 175 183 13 296
16 25 3683 236 112 188 113 201 98 284 202 180 167 151 171 37 13 83 46 87 33 255 195 138 119 14 191 71 300 214 245 183 279 292 170 90 231 283 42 80 266 243 259 184 145 129 220 157 264 17 296 296 271
17 25 3813 190 133 142 204 23 212 203 288 209 137 266 252 7 107 183 41 149 14 58 143 273 242 288 153 213 196 116 230 191 111 252 133 295 93 88 69 57 42 109 17 179 74 268 237 233 202 29 133 216 86
18 25 3710 275 240 79 14 144 44 262 260 25 152 122 276 36 169 121 123 237 229 165 45 245 95 171 264 83 155 166 111 287 81 248 13 72 79 27 215 174 40 226 198 243 100 225 279 268 97 153 256 69 53
19 25 3270 21 163 223 285 245 129 202 107 115 34 107 179 105 185 205 71 58 296 297 7 239 96 231 217 80 69 122 104 138 174 177 52 148 213 49 276 114 155 142 147 261 21 3 197 277 73 6 273 69 12
20 25 3730 211 216 295 127 82 74 247 204 229 136 129 105 188 277 69 288 252 182 194 146 80 155 166 82 103 142 155 109 114 275 172 24 243 218 202 76 291 201 279 272 88 160 128 27 136 197 14 139 78 208
21 25 3867 284 158 114 149 291 216 43 197 76 156 224 248 232 218 165 185 293 208 137 24 179 225 183 58 251 18 254 265 208 84 192 293 37 92 283 252 134 232 80 42 155 27 25 72 243 209 116 150 98 139
22 25 3446 80 22 73 190 272 142 143 288 50 278 211 293 270 299 84 5 3 218 236 82 11 90 160 35 213 102 295 28 4 92 219 135 113 291 24 137 133 219 176 234 196 139 226 218 137 9 222 139 278 209
23 25 3429 272 288 298 131 74 262 285 121 41 40 212 259 174 77 2 250 265 186 220 140 119 115 30 44 84 167 104 5 57 82 213 29 121 262 211 195 275 195 15 16 234 278 26 160 106 79 109 70 264 28
24 25 3751 262 134 194 291 177 30 209 281 34 18 114 299 98 234 12 8 180 39 255 246 106 188 276 131 99 81 207 203 277 286 164 111 232 206 39 261 167 71 46 184 184 96 281 170 160 40 101 198 294 47
25 25 3440 3 234 74 185 32 154 198 291 56 175 28 271 285 11 177 23 271 43 94 69 278 29 216 10 75 49 299 24 95 97 78 80 170 263 163 23 212 205 131 86 233 101 70 243 29 145 266 71 290 86
26 25 3566 100 18 53 109 216 128 210 266 203 56 62 281 135 231 295 49 5 206 254 187 292 238 40 113 232 68 257 197 139 246 34 290 16 87 99 283 266 60 248 168 115 9 200 1 291 194 49 47 152 2
27 25 3075 286 195 239 25 7 171 92 16 119 282 13 205 272 28 43 122 10 8 181 257 227 295 17 127 47 59 72 95 158 223 149 143 117 139 167 176 61 10 191 232 292 203 136 15 283 178 237 16 1 163
28 25 3265 62 69 289 108 180 113 202 37 35 102 231 204 241 149 79 1 158 21 232 149 275 119 163 257 296 50 1 232 65 1 147 178 121 135 285 300 299 239 36 34 40 266 32 114 119 33 24 191 16 224
29 25 2915 165 135 87 122 182 188 122 166 5 174 12 182 46 198 167 46 197 157 133 282 196 151 22 228 16 140 39 82 79 263 246 213 101 119 147 288 292 12 75 174 263 272 92 8 220 300 140 201 195 290
30 25 4004 274 174 58 113 237 96 194 16 192 280 210 10 178 250 2 241 241 218 15 166 180 39 9 239 258 8 79 211 255 120 184 180 177 49 169 25 294 236 134 237 267 44 247 145 293 300 85 285 217 152
31 25 3604 203 149 190 211 87 199 271 217 161 225 89 97 156 265 145 24 41 190 259 175 179 226 218 125 70 262 176 206 246 92 57 148 292 298 111 131 249 81 47 109 135 205 212 152 101 236 192 43 118 221
32 25 3476 171 87 97 292 48 272 250 46 115 58 245 107 108 55 237 56 187 35 164 243 222 121 207 125 273 194 68 15 139 186 287 62 272 83 105 20 54 106 117 169 61 27 271 168 15 26 101 241 49 22
33 25 3842 113 7 198 86 200 266 152 90 151 139 203 174 273 60 245 79 165 61 299 28 174 25 50 41 91 127 146 191 120 246 265 232 252 162 69 203 127 273 45 29 163 247 135 6 147 213 223 208 263 250
34 25 3676 81 287 300 173 129 126 18 72 245 16 36 229 267 249 297 222 76 21 266 156 183 264 58 18 22 257 282 244 216 245 48 283 296 220 112 174 289 183 118 4 270 98 23 218 147 244 45 167 261 253
35 25 3832 50 276 10 119 49 18 152 44 233 148 289 280 183 284 251 46 209 240 228 27 243 249 176 17 218 22 12 263 241 24 215 42 276 160 100 46 63 144 278 211 184 10 93 219 260 138 128 199 117 206
36 25 2574 194 117 133 210 34 155 222 48 147 297 14 188 48 42 99 148 87 161 43 64 123 278 73 267 248 85 104 75 283 272 32 228 88 165 138 174 71 111 221 217 107 287 156 155 28 254 54 114 114 148
37 25 3334 229 289 125 54 255 72 138 59 199 172 82 282 152 222 146 289 147 268 151 119 236 9 105 91 215 184 96 20 297 210 167 278 198 43 83 204 115 220 14 65 143 96 46 294 69 244 34 215 263 236
38 25 2795 33 199 297 190 41 263 73 137 283 122 98 201 99 47 244 181 250 110 152 264 174 46 111 271 92 179 214 125 145 177 113 177 127 109 118 167 71 191 3 105 12 100 6 162 146 249 94 148 110 245
39 25 3705 111 283 42 221 253 133 151 219 10 295 147 122 223 273 282 41 191 104 231 246 261 294 97 266 207 295 266 300 142 75 296 252 109 37 224 113 222 74 83 231 68 229 104 42 137 82 196 240 64 141
40 25 3421 252 109 237 217 15 283 234 14 124 60 9 127 168 98 102 33 19 175 115 249 294 96 104 88 100 240 169 295 231 233 187 183 93 176 151 108 158 85 121 34 144 182 160 64 279 14 148 49 188 262
41 25 3875 49 234 109 152 21 261 91 241 255 73 225 194 18 69 106 125 278 242 297 11 137 230 223 200 260 236 99 8 175 113 56 160 221 207 232 181 173 188 174 149 133 128 166 201 285 42 230 226 293 63
42 25 2666 20 215 14 280 202 113 39 76 225 95 288 197 53 219 130 154 143 69 27 292 201 206 157 101 191 251 82 116 41 74 178 112 40 244 241 56 182 69 32 28 56 228 132 274 109 285 117 177 63 160
43 25 3033 77 269 16 229 211 18 11 26 58 84 256 222 124 199 64 116 6 245 184 37 272 239 156 265 125 192 81 1 255 240 78 275 7 58 237 77 68 262 134 204 269 107 79 167 171 194 172 115 260 139
44 25 3511 68 276 46 32 152 237 164 152 243 155 281 269 162 39 205 290 158 167 175 113 187 282 191 106 137 29 18 266 289 156 33 16 201 65 167 190 228 70 132 83 103 101 296 193 5 285 102 223 159 215
45 25 3785 110 140 105 215 43 293 243 61 258 283 268 291 298 221 107 216 34 38 241 168 140 93 163 84 98 199 185 72 58 99 181 249 256 147 292 248 142 52 124 19 248 174 291 54 89 100 139 126 93 7
46 25 3635 17 185 221 100 282 120 285 106 229 135 286 229 90 185 220 90 78 23 47 253 94 46 126 84 151 267 184 289 144 28 213 212 268 12 246 87 48 51 67 183 88 295 24 272 267 165 101 289 263 54
47 25 3444 82 8 179 218 210 197 153 199 93 180 297 5 91 264 16 36 102 116 138 168 50 226 215 125 249 181 290 50 169 252 103 3 12 33 272 221 230 124 171 22 3 168 26 145 183 93 233 37 260 70
48 25 2925 204 9 295 170 134 244 50 123 293 219 126 147 273 189 179 244 110 160 67 32 181 121 251 258 17 134 103 249 170 62 71 125 65 295 256 60 96 130 104 66 7 250 38 196 33 5 40 151 88 221
49 25 3028 23 39 230 40 224 32 40 145 146 110 21 268 227 67 223 286 163 52 142 228 110 143 18 5 50 61 63 253 149 35 275 239 264 14 214 48 54 58 193 215 130 160 141 197 134 127 111 237 20 38
