0 25 2376 168 130 261 185 72 170 184 204 170 95 250 5 343 95 348 137 344 145 95 86 83 171 157 191 17 205 340 167 214 112 287 243 124 271 167 93 254 22 63 100 123 219 65 65 66 201 361 63 196 46
1 25 2510 145 218 202 87 235 159 126 253 224 90 239 266 113 9 84 158 114 105 372 113 127 290 232 243 107 49 196 67 311 191 112 255 160 65 193 194 323 19 299 298 260 237 64 224 398 47 281 11 104 152
2 25 2605 176 82 294 7 325 52 207 220 18 218 62 281 124 21 345 17 167 20 187 165 317 298 153 32 321 150 31 54 213 86 357 88 267 202 346 243 152 162 122 221 275 154 48 251 214 22 399 30 90 296
3 25 2592 382 122 268 84 4 73 296 89 282 135 307 35 132 250 140 283 263 161 56 238 367 100 185 17 212 250 238 62 131 127 109 264 300 128 99 55 301 94 295 34 180 202 168 11 203 107 146 65 120 53
4 25 2369 202 86 152 138 102 215 239 191 76 169 217 84 385 69 111 283 323 163 29 70 96 108 371 264 71 173 170 268 189 89 320 43 326 223 280 27 337 71 317 164 39 286 99 175 106 261 58 280 124 286
5 25 2998 149 19 245 71 34 67 195 156 386 284 396 157 326 222 231 257 348 19 227 217 82 18 254 232 192 59 293 101 338 16 238 87 186 283 157 172 301 152 327 239 287 22 47 212 243 278 368 243 147 211
6 25 2367 30 264 164 161 107 222 53 8 59 120 145 97 206 179 377 280 109 155 270 95 176 116 158 171 77 165 141 223 375 122 138 238 234 145 211 139 152 169 258 296 318 215 75 23 343 206 231 197 327 25
7 25 2246 325 42 334 295 387 110 359 79 233 285 152 270 22 285 166 132 223 17 52 133 213 69 47 239 43 142 296 73 138 122 49 162 15 282 308 153 392 118 31 176 102 234 97 75 71 63 306 93 131 10
8 25 2060 277 195 230 24 133 273 265 80 145 254 153 246 368 168 127 127 120 70 45 3 197 98 236 246 173 206 60 130 151 190 339 27 85 269 302 269 41 18 101 37 24 53 282 191 20 261 217 292 30 13
9 25 2590 194 79 311 281 24 283 239 83 112 41 224 251 319 108 171 273 29 211 290 229 347 13 381 281 255 253 141 24 44 270 236 237 300 146 169 123 228 207 357 292 181 242 266 140 64 38 20 174 279 248
10 25 2429 172 144 81 152 350 233 92 173 76 114 209 112 113 54 80 88 134 39 344 225 385 76 318 102 68 181 191 287 206 270 187 277 165 267 281 14 299 24 87 74 137 147 237 102 200 68 141 185 306 284
11 25 2354 309 143 112 78 44 131 110 187 169 115 208 155 244 72 221 76 37 71 399 75 88 221 232 141 73 200 381 57 357 116 218 199 127 47 195 109 57 81 378 171 140 132 166 111 105 141 99 75 240 74
12 25 1713 171 279 46 154 119 218 53 199 27 162 114 296 160 293 142 6 1 150 238 78 73 177 262 138 39 266 79 38 92 270 311 62 148 156 216 66 26 20 364 152 133 29 199 45 221 292 150 174 42 188
13 25 2390 151 214 316 264 351 155 329 81 92 73 250 54 234 49 261 101 214 86 173 129 289 105 158 187 101 230 379 251 103 20 190 106 85 5 169 35 11 50 368 154 22 217 7 7 166 168 208 131 153 32
14 25 2108 12 242 188 221 80 89 50 58 91 253 29 280 310 113 336 178 148 299 127 67 352 48 283 59 355 300 178 214 330 297 294 223 136 114 3 24 63 212 66 267 41 197 76 153 185 6 252 283 232 118
15 25 2670 34 32 153 244 286 204 121 51 386 151 347 279 325 282 244 279 58 159 291 275 377 231 372 253 35 156 110 239 238 241 156 23 224 260 167 161 364 187 11 1 289 9 132 266 343 175 44 152 233 186
16 25 1915 26 210 216 297 214 3 152 275 41 41 167 48 116 291 8 82 51 223 120 114 223 161 322 6 126 216 281 121 65 7 193 226 174 241 39 176 245 113 368 185 80 268 300 122 27 133 72 249 205 85
17 25 2191 123 65 359 229 242 174 261 62 341 125 368 185 151 294 225 241 21 269 6 89 206 237 56 257 58 134 190 81 382 294 118 56 110 176 36 51 201 196 264 93 173 284 177 123 277 102 15 197 22 220
18 25 2435 237 27 8 92 284 17 277 73 98 58 18 67 266 279 242 201 29 94 149 244 87 221 27 163 195 203 216 209 200 138 181 136 64 140 280 147 157 256 371 6 366 140 372 283 165 235 398 158 183 142
19 25 2870 244 55 268 259 249 23 274 110 111 290 261 27 281 40 25 37 248 248 242 165 287 113 347 257 377 81 206 35 116 99 330 270 219 88 19 241 214 228 324 269 74 2 49 266 379 238 365 226 231 229
20 25 2786 164 144 27 72 372 259 178 158 74 76 340 144 346 127 214 286 140 293 51 216 313 25 369 213 242 247 350 106 272 181 286 236 176 212 359 199 270 36 157 96 264 148 91 209 374 4 47 266 96 97
21 25 2823 33 8 173 201 320 214 348 122 219 19 354 156 206 129 367 65 227 289 252 135 84 67 382 74 276 8 29 274 325 176 370 257 83 243 357 154 108 4 127 279 75 80 334 132 160 253 396 39 41 100
22 25 2297 225 76 266 207 201 193 66 29 366 290 256 288 346 138 382 154 243 189 158 122 367 284 1 53 15 161 105 63 99 297 162 123 172 79 81 24 24 98 104 241 39 59 228 136 248 209 190 42 250 147
23 25 1881 363 68 82 64 20 296 76 176 58 226 172 271 400 295 102 233 218 125 130 173 65 221 231 45 56 230 5 45 72 154 143 134 374 124 349 93 272 224 21 281 101 192 52 1 87 105 85 256 229 66
24 25 2522 129 45 286 111 89 42 341 94 186 64 299 81 397 272 104 198 217 127 273 137 208 74 380 111 26 18 315 110 274 195 275 154 339 213 216 80 54 108 25 91 71 223 23 68 147 179 365 63 5 189
25 25 2349 151 112 162 30 22 87 148 136 248 73 30 175 326 21 187 293 252 92 201 76 334 271 198 157 290 296 35 106 258 39 395 8 251 256 138 124 295 137 160 94 209 41 168 186 13 106 178 264 49 278
26 25 3078 91 183 201 89 291 90 136 177 248 194 315 242 353 117 349 42 293 95 278 4 289 86 144 208 171 209 266 201 324 66 230 15 200 230 255 90 72 290 366 19 335 233 112 188 301 260 329 93 207 159
27 25 2606 196 47 292 6 319 152 271 219 275 137 48 141 336 130 95 278 101 37 295 271 371 279 82 158 380 293 139 224 299 49 272 197 44 15 303 62 66 25 180 292 213 180 133 101 209 179 78 209 215 124
28 25 2525 231 186 3 212 395 234 356 285 9 107 333 280 103 77 394 205 338 211 130 170 303 142 249 87 42 57 165 71 317 180 147 117 397 210 63 282 148 190 123 280 170 26 8 215 182 298 78 211 367 132
29 25 2210 205 215 318 98 223 182 269 39 13 63 237 281 211 298 144 92 114 191 333 237 322 254 14 82 121 295 179 98 58 245 129 62 311 146 59 233 79 79 44 193 11 276 303 108 219 146 273 161 231 61
30 25 2787 335 184 74 216 4 69 346 201 278 42 281 191 352 78 101 236 309 180 210 152 72 120 27 127 379 98 224 51 258 6 312 144 290 185 311 45 205 156 46 134 297 178 124 200 156 125 187 164 396 67
31 25 2647 227 67 345 5 145 94 281 96 304 86 259 247 127 195 358 72 352 265 369 85 14 246 109 165 353 285 16 40 299 234 218 66 231 275 162 24 155 257 179 192 367 126 119 162 135 290 113 251 58 249
32 25 2459 264 55 157 29 208 93 332 175 32 130 109 50 247 91 124 109 214 130 117 293 173 84 170 291 197 156 261 106 341 109 370 196 18 50 3 10 233 77 394 114 237 295 127 70 221 193 99 89 271 224
33 25 2478 6 14 120 13 45 132 318 186 241 139 181 210 140 35 171 172 311 164 338 48 358 150 226 227 370 18 277 158 354 200 134 111 213 53 123 9 137 293 194 177 231 26 138 123 12 108 294 223 24 83
34 25 1937 22 233 332 199 112 53 317 140 111 222 39 96 85 3 48 259 12 84 151 257 334 35 201 256 46 61 101 120 84 84 293 68 167 92 79 120 360 171 82 281 9 177 265 212 324 76 175 160 126 231
35 25 2879 123 211 365 124 266 111 336 219 282 19 154 175 338 120 369 239 177 39 20 57 347 196 174 210 172 249 284 183 226 167 257 237 131 32 54 293 67 124 327 37 77 201 375 49 318 43 239 294 281 59
36 25 2883 2 79 106 27 241 29 275 276 363 53 242 120 325 203 294 17 370 70 343 206 198 295 332 46 264 174 385 257 195 111 237 252 37 177 33 164 152 295 316 294 166 256 318 69 1 86 390 22 181 247
37 25 2390 320 175 279 117 39 4 353 147 162 147 257 198 351 146 26 183 109 277 329 276 122 147 83 91 67 235 229 256 157 109 354 276 135 84 44 225 240 97 24 201 95 132 398 145 77 223 379 285 151 60
38 25 2193 112 25 306 294 215 172 229 95 379 185 3 184 12 290 68 55 166 107 189 59 98 221 256 42 49 130 73 286 332 232 297 156 91 23 271 117 42 155 272 225 218 113 344 224 78 102 227 219 60 24
39 25 2185 191 67 17 139 48 41 24 80 372 173 87 212 315 9 223 185 278 64 391 1 189 260 13 284 383 190 286 61 260 245 36 50 164 5 289 11 45 64 142 69 88 129 80 202 255 138 66 118 128 66
40 25 2635 258 187 130 142 222 172 179 234 31 275 370 81 238 74 321 49 136 242 290 176 129 259 176 267 293 246 294 103 185 123 396 6 146 274 339 77 248 60 209 286 233 281 86 55 168 79 44 43 149 65
41 25 2446 72 159 140 190 386 85 235 179 87 19 254 182 376 99 207 15 127 154 174 187 91 259 367 28 65 35 307 108 29 7 73 52 265 64 341 202 148 128 81 86 146 186 219 222 284 225 388 263 31 113
42 25 2356 249 73 23 16 153 187 302 259 195 282 17 219 334 233 226 134 34 153 66 19 99 151 390 272 187 66 159 149 396 123 397 21 246 64 173 132 183 178 299 199 248 284 31 234 9 264 167 214 130 237
43 25 2626 364 132 326 235 218 92 245 166 239 67 315 59 264 278 31 248 95 113 177 145 363 25 128 193 158 188 9 124 1 190 212 64 121 138 50 39 381 294 256 71 313 170 382 176 200 164 275 94 129 52
44 25 2065 190 91 76 117 36 85 356 244 60 157 85 71 272 257 360 22 95 292 167 3 63 231 72 244 159 71 7 33 116 135 84 205 226 211 173 13 247 181 256 6 389 192 129 60 48 140 133 195 332 200
45 25 2687 397 194 282 120 389 40 291 295 73 158 82 208 215 159 171 239 71 217 19 178 323 207 169 103 267 268 42 151 262 73 250 58 318 284 278 206 123 120 253 147 77 134 255 143 192 225 182 214 393 200
46 25 2411 91 115 207 159 269 125 26 211 375 40 235 77 97 53 260 26 10 82 397 262 129 174 147 35 316 138 311 149 151 203 249 193 170 155 51 38 79 229 300 253 268 87 229 116 239 140 194 200 22 90
47 25 2538 14 202 215 60 36 83 50 246 131 52 248 279 345 217 385 47 55 215 327 6 20 46 392 300 62 282 240 107 382 61 348 95 362 263 106 249 197 155 294 27 307 41 258 151 110 294 116 209 76 21
48 25 2548 228 21 365 179 282 146 218 40 79 130 388 225 343 250 131 91 298 37 136 124 143 129 33 145 338 227 94 153 35 69 25 14 389 89 144 23 87 14 214 117 201 42 238 102 224 128 199 12 264 75
49 25 1958 107 292 7 151 381 233 96 33 219 116 9 184 205 150 128 279 36 141 192 252 335 245 245 72 246 20 252 297 32 167 371 90 158 77 140 90 162 288 74 180 3 182 316 59 31 243 137 218 35 181
