0 25 1680 168 130 61 185 72 170 284 204 70 95 250 5 43 95 148 137 144 145 95 86 83 171 157 191 117 205 140 167 114 112 87 243 224 271 67 93 254 22 163 100 23 219 267 65 65 166 201 261 63 296
1 25 1847 46 145 218 202 87 35 159 226 253 24 90 39 266 13 9 84 158 14 105 72 113 127 290 132 243 107 49 196 67 111 191 112 255 160 65 93 194 223 19 199 298 160 237 264 224 298 47 81 11 204
2 25 1673 152 176 82 194 7 25 52 107 220 118 218 162 281 224 21 45 17 267 20 87 165 17 298 153 32 221 150 131 54 213 86 257 88 167 202 146 243 253 252 162 122 221 75 154 145 148 251 213 114 22
3 25 1703 299 30 90 296 182 122 268 84 4 73 296 89 82 135 7 35 32 250 40 283 163 161 256 238 67 100 85 17 12 250 38 62 31 127 109 264 300 128 99 55 201 94 195 34 280 202 68 11 203 107
4 25 1824 46 65 20 53 2 86 152 138 102 215 139 191 276 169 17 84 185 69 211 283 123 163 129 70 196 108 271 264 171 173 70 268 289 89 43 226 223 180 27 137 71 217 164 239 286 299 175 106 261 158
5 25 2113 280 124 286 49 19 145 71 34 67 295 156 86 284 296 157 26 222 131 257 248 27 217 182 18 254 232 192 59 193 101 38 16 138 87 86 283 172 101 152 27 239 187 22 147 212 243 278 168 243 296
6 25 1978 247 211 230 264 164 161 207 222 53 8 259 120 145 97 206 179 6 77 280 209 155 270 95 176 116 58 171 145 277 165 141 223 75 122 238 238 34 145 211 139 152 169 258 296 18 215 175 23 43 206
7 25 1780 231 197 227 25 125 42 134 295 187 110 159 79 33 285 252 270 222 285 166 132 123 17 52 133 13 69 47 239 143 142 196 73 38 122 149 162 215 282 208 153 92 118 176 102 234 197 75 271 63 206
8 25 1695 93 131 10 277 195 130 24 133 273 165 80 45 254 253 246 168 168 227 127 20 70 245 3 297 98 236 173 206 60 130 51 190 139 27 85 269 102 269 241 18 101 37 53 282 191 220 261 17 292 30
9 25 2235 13 294 79 111 281 24 283 239 83 112 41 24 251 119 108 271 273 129 211 290 229 247 255 253 241 24 244 270 36 237 100 146 269 123 128 207 257 292 247 281 242 66 140 264 38 20 174 79 248 172
10 25 1854 144 281 152 150 233 92 173 176 114 209 112 213 54 80 88 234 39 44 225 285 76 218 102 268 181 191 287 106 270 287 277 165 267 181 14 199 24 187 74 137 147 237 200 68 241 185 106 284 109 143
11 25 1930 112 78 244 131 10 187 169 115 208 155 144 72 121 76 137 71 99 75 288 221 132 141 173 200 81 57 57 116 218 199 227 47 195 109 278 171 40 132 66 111 5 141 299 75 240 74 271 279 46 154
12 25 1638 119 218 53 199 27 162 14 296 60 293 42 6 101 150 138 78 73 177 262 138 39 266 279 38 92 270 111 62 248 156 216 66 126 20 264 152 233 29 199 45 21 292 50 174 142 188 251 214 116 264
13 25 2106 51 155 229 81 192 73 50 54 134 49 261 101 114 86 173 129 289 105 158 187 201 230 179 251 103 20 190 106 285 5 69 35 211 50 168 154 122 217 207 7 266 168 108 131 253 32 12 242 188 221
14 25 2062 180 89 150 58 91 253 129 280 110 113 36 178 148 299 227 67 152 48 283 59 55 300 278 214 183 230 297 194 223 236 114 103 24 263 212 166 267 41 197 76 153 285 6 52 232 118 134 32 244 86
15 25 1733 204 221 51 86 151 47 279 125 282 144 58 159 191 275 177 231 172 253 135 156 10 239 138 241 56 23 24 260 267 161 164 187 211 1 89 9 32 266 43 175 244 152 33 186 126 210 116 297 214 3
16 25 1736 152 275 241 41 267 48 116 291 8 82 151 223 20 114 223 161 122 6 126 216 181 121 67 265 7 193 226 174 139 176 145 113 168 185 80 268 27 133 272 249 205 85 65 259 229 242 174 161 62 241
17 25 1881 125 68 185 51 294 125 241 221 269 106 89 206 237 56 257 58 134 90 81 82 218 56 110 176 36 51 101 196 164 93 73 284 277 123 102 115 197 122 220 37 27 208 92 284 17 277 98 58 118 67
18 25 1806 166 279 242 201 29 94 149 244 187 221 227 163 95 203 16 209 100 138 181 136 164 140 280 147 157 256 271 6 66 140 72 283 118 65 235 198 158 83 142 44 55 68 259 149 23 274 110 174 111 290
19 25 1755 61 27 181 40 225 37 48 248 42 165 87 113 147 257 177 81 206 35 216 99 130 270 219 88 119 241 114 228 224 269 174 2 149 266 279 238 65 226 31 229 64 144 127 72 72 259 278 158 76 40
20 25 1952 144 46 127 14 286 240 293 151 216 13 25 269 213 42 247 150 106 172 181 86 236 76 212 59 199 170 36 57 96 164 148 291 209 274 4 247 266 296 97 233 8 173 201 220 214 148 122 19 19 54
21 25 1854 156 6 129 67 65 27 289 152 135 84 67 282 74 276 8 129 274 25 176 70 257 183 243 157 154 208 4 27 279 75 80 134 132 260 253 196 39 241 100 225 76 166 207 201 193 266 29 166 290 256
22 25 1868 288 246 138 282 154 43 189 158 122 167 284 201 53 115 161 5 63 199 297 162 123 72 79 81 24 24 98 104 241 139 59 228 136 248 209 290 42 150 147 163 68 182 64 120 296 276 176 58 226 172
23 25 2454 271 100 295 102 233 18 125 30 173 65 221 231 45 56 230 5 272 154 243 134 274 124 249 93 172 224 21 281 201 192 252 1 187 105 285 256 229 66 129 45 286 111 89 42 41 94 86 64 299 81
24 25 2187 197 272 204 198 117 127 173 137 108 74 80 111 126 18 215 110 274 195 175 154 239 213 16 80 254 108 225 91 171 223 223 68 247 179 265 63 5 189 251 112 262 30 222 87 48 136 248 73 30 175
25 25 2040 226 21 87 293 152 92 101 76 234 271 298 157 90 296 35 106 58 39 295 8 151 256 38 124 95 137 260 94 209 41 268 186 113 106 178 264 249 278 91 183 1 89 136 177 248 194 215 242 253 117
26 25 2049 249 42 293 95 178 4 189 86 44 208 271 209 66 201 224 66 230 15 155 90 72 290 266 19 235 233 12 188 101 260 229 93 107 159 96 47 296 192 6 19 152 71 219 75 137 148 141 136 130 295
27 25 2177 278 201 37 295 271 271 279 282 158 80 293 139 224 99 49 72 197 44 15 203 62 166 25 280 292 213 180 133 101 9 179 78 209 215 124 231 186 103 212 95 234 256 285 209 107 33 280 3 77 294
28 25 2049 205 138 211 230 170 203 142 49 87 242 57 265 71 17 180 195 247 117 297 210 263 282 217 248 190 23 280 170 26 108 215 282 298 178 167 132 105 215 218 98 23 182 169 39 113 63 37 281 111 298
29 25 1916 244 92 214 191 33 237 222 254 14 82 221 295 79 98 258 245 229 62 211 146 159 233 23 244 193 111 276 3 108 219 146 73 161 231 61 135 184 74 216 104 69 46 201 78 42 181 191 252 78 101
30 25 1643 236 209 180 10 152 72 120 127 127 279 98 24 51 258 6 112 144 190 185 111 45 5 156 246 134 197 178 24 200 256 125 187 164 56 196 67 67 245 5 45 94 81 96 104 86 259 247 27 195 58
31 25 1951 72 252 265 69 85 214 246 109 165 253 285 52 116 40 299 234 218 66 231 275 162 24 55 257 179 192 267 126 219 162 235 290 113 251 58 249 164 55 57 29 8 93 132 175 130 109 50 247 91 24
32 25 2107 109 114 130 117 293 73 84 170 291 297 156 32 161 106 141 109 270 196 218 50 203 10 233 77 194 114 237 295 61 27 70 221 193 199 89 237 271 224 106 14 220 13 45 132 118 186 241 139 81 210
33 25 1989 240 35 271 172 111 164 38 48 158 150 126 227 70 18 177 158 254 200 134 111 213 53 123 9 237 293 194 177 131 26 138 123 112 108 294 223 24 83 22 233 232 199 212 53 217 140 211 222 39 96
34 25 1784 85 3 148 259 12 84 251 257 134 35 201 256 146 61 1 120 84 84 193 68 67 92 279 120 60 171 82 281 209 177 65 212 24 76 275 160 26 231 223 211 265 124 166 111 236 219 282 19 54 175
35 25 1788 138 120 266 169 239 77 39 20 57 247 196 174 210 272 249 184 183 26 167 157 237 131 32 154 293 267 124 27 37 177 201 175 49 218 43 39 294 81 59 102 79 6 27 41 29 275 276 263 53 142
36 25 1876 120 41 25 203 194 17 170 70 43 206 298 295 132 46 264 174 85 257 6 195 111 137 252 137 177 33 164 152 295 216 294 166 256 18 69 201 86 290 22 181 247 20 175 79 117 139 4 253 147 62
37 25 2346 147 257 198 151 146 126 183 9 277 229 276 22 283 91 267 235 229 256 257 109 254 276 35 84 144 225 140 97 124 201 295 132 98 145 223 79 285 251 60 12 25 206 294 115 172 229 95 179 185 203
38 25 1967 184 212 290 268 55 266 107 203 89 59 198 221 156 42 249 130 173 286 132 232 297 156 189 291 23 112 271 117 42 155 72 225 118 113 244 224 78 102 127 219 160 24 191 67 117 139 248 41 124 80
39 25 2089 272 173 287 212 215 9 23 185 178 64 91 1 289 260 113 284 183 190 86 61 160 245 136 50 64 5 189 11 45 64 142 69 288 129 280 202 55 138 66 118 228 66 158 187 230 142 122 172 279 234
40 25 2023 31 275 70 81 38 74 21 49 170 136 242 290 176 70 270 129 259 76 267 76 193 246 194 103 185 123 296 6 46 274 239 77 248 60 209 286 133 281 86 55 168 79 44 43 149 65 172 159 140 190
41 25 1926 286 85 135 179 187 19 54 182 76 99 207 15 227 154 74 187 191 259 167 28 65 35 107 108 129 7 173 52 165 64 241 202 148 128 81 86 146 186 19 222 284 225 288 263 131 113 149 73 123 16
42 25 2328 153 187 102 259 295 282 17 219 34 233 26 134 234 153 266 19 299 151 90 272 187 66 259 149 196 123 297 21 246 64 173 132 217 183 178 199 199 148 284 131 9 264 167 214 230 237 264 132 235 18
43 25 1679 92 245 166 39 67 215 59 64 278 231 248 195 113 177 145 63 25 128 193 258 188 209 124 101 190 112 64 21 138 50 39 281 294 256 71 113 170 182 176 200 164 175 94 29 52 290 91 76 117 36
44 25 1864 85 56 244 260 157 185 71 272 257 260 22 295 292 67 3 63 231 172 159 71 107 33 216 135 84 205 226 211 73 13 47 181 256 6 89 192 129 60 148 140 133 195 132 200 197 194 182 120 189 40
45 25 2045 191 295 73 158 182 208 115 159 171 239 217 119 178 223 207 69 103 267 268 242 151 162 50 58 18 284 206 23 120 253 147 277 134 55 143 292 225 82 214 193 200 91 107 159 269 125 126 211 275 40
46 25 1604 35 77 97 53 60 26 10 82 197 262 229 174 147 35 16 138 11 149 51 203 49 193 70 155 38 279 253 268 87 29 116 139 140 194 200 222 90 214 202 15 236 83 250 246 231 52 148 279 245 217
47 25 1964 185 47 255 215 27 6 220 46 92 300 162 282 140 107 182 61 248 95 262 263 206 249 97 155 194 27 207 41 58 151 10 294 197 16 209 276 21 128 165 179 146 18 40 79 130 288 225 143 250 131
48 25 1438 91 98 37 36 124 243 129 233 145 138 227 94 153 135 69 225 14 89 89 244 23 287 114 117 143 101 42 38 102 224 128 199 12 164 75 7 292 7 151 181 233 296 33 119 116 9 184 205 150 128
49 25 1867 279 136 141 92 252 35 245 45 72 46 20 252 297 32 167 71 90 158 77 240 62 288 174 180 103 182 116 59 31 243 37 218 135 181 222 221 125 18 293 222 38 244 218 121 162 288 262 71 117 201
